53 6D 61 73 68 3F 03 00 01 B7 0A -somebody

53 6D 61 73 68 3F 03 00 00 35 8D-winxp
53 6D 61 73 68 3F 03 00 02 0D B3-evilmog
53 6D 61 73 68 3F 01 00 01 03 C0 - pink - 34c
53 6D 61 73 68 3F 03 00 02 42 7E - purple - 282 
53 6D 61 73 68 3F 03 00 02 8D 33  2cd = 29a
53 6D 61 73 68 3F 01 00 01 A7 1C - pink
53 6D 61 73 68 3F 03 00 00 CC F6 - pink





\x53\x6D\x61\x73\x68\x3F\x03\x00\x02\xB7\x0A

53 6D 61 73 68 3F 00 01 02 FF C3 6D 61 73 68 3F 01 02 01 03 0F 00 00 00 
1C 02 1B 00 00 91 00 06 7A 00 09 03 00 11 66 00 0D A2 00 00 00 1B 00 0E 
00 0A 00 00 00 20 00 10 08 80 00 00 00 00 00 00 00 00 00 00 00 00 00 00 
02 00 10 40 00 00 00 00 00 09 20 04 00 20 20 01 00 00 20 0A 00 00 21 20 
00 60 80 82 00 A0 80 F8 00 80 9E 80 80 00 00 00 21 A0 00 38 41 2B 00 00 
0D 00 00 00 02 00 00 00 00 00 00 C0 FF 00 05 01 D8 CD 25 53 6D 61 73 68 
3F 00 01 02 FF C3   

--- dead evilmog
53 6D 61 73 68 3F 00 01 02 FF C3 53 6D 61 73 68 3F 03 02 02 0D 83 00 4B 
01 3B 02 FF 00 01 4D 00 08 2B 00 12 59 00 23 A6 00 05 32 00 02 00 23 00 
06 00 04 00 00 00 04 C0 D2 00 00 02 00 00 02 20 02 00 00 42 22 00 00 00 
01 08 01 04 00 00 0C 81 08 02 01 03 00 81 02 42 16 03 2E 44 00 00 01 C0 
1A 00 04 00 00 00 00 00 00 01 20 00 00 3A 00 00 00 04 B5 08 00 00 00 00 
08 01 2B 00 00 1A 00 00 00 00 00 00 00 00 00 00 C0 00 56 00 01 63 92 90 

---end

--- alive code
53 6D 61 73 68 3F 01 00 02 FE C4 53 6D 61 73 68 3F 01 00 02 FE C4
--- end

--- alive evilmog
53 6D 61 73 68 3F 00 01 02 FF C3 
53 6D 61 73 68 3F 03 02 02 0D 03 
00 4B 01 3B 02 FF 00 01 4D 00 08 
72 00 12 59 00 23 A6 00 05 32 00 
02 00 23 00 06 00 04 00 00 00 04 
C0 D2 04 40 30 01 18 00 00 00 00 
00 00 00 00 00 02 00 00 02 20 02 
00 00 42 22 00 00 00 01 08 01 04 
00 00 0C 81 08 02 01 03 00 81 02 
42 16 03 2E 44 00 00 01 C0 1A 00 
04 00 00 00 00 00 00 01 20 00 00 
3A 00 80 00 86 80 80 80 01 2B 00 
00 1A 00 00 00 00 00 00 00 00 00 
00 C0 FF 00 01 01 BA 02 58    
---end
why does vending is checking two of the values and not any of the 
two 
with the social bits and how much you spent doesn't seem to do much with anything else
people are sending it anything else

---alive evilmog + egg
53 6D 61 73 68 3F 00 01 02 FF C3 53 6D 61 73 68 3F 01 02 02 0D 0F 00 4B 
01 3B 02 1B 00 01 4E 00 08 EC 00 14 B1 00 24 D2 00 09 09 00 02 00 23 00 
06 00 05 00 00 00 04 C0 D2 04 40 30 01 18 00 00 00 00 00 00 00 00 00 02 
00 00 02 20 02 00 00 42 22 00 00 00 01 08 01 04 00 00 0C 81 08 02 01 03 
00 81 02 42 16 03 2E 44 00 00 01 C0 1A 00 04 00 00 00 00 00 00 01 20 00 
88 3A 80 00 04 B5 08 00 00 00 00 08 01 2B 00 00 1A 00 00 00 02 00 00 00 
00 00 00 C0 D0 0F 05 09 1D 97 66
     

---end
53 6D 61 73 68 3F 00 01 02 FF C3                                        
                                  
--- feed code
53 6D 61 73 68 3F 03 00 02 89 37
-- end code

--- pinkeye cure
53 6D 61 73 68 3F 00 00 02 C1 02
53 6D 61 73 68 3F 00 00 02 C1 02
--- end code

---test
53 6D 61 73 68 3F 00 00 02 C1 02
53 6D 61 73 68 3F 00 00 02 C1 02
---end

--- activate
53 6D 61 73 68 3F 01 00 02 FE C4
--- end

--- outhouse
53 6D 61 73 68 3F 00 00 02 A3 20
53 6D 61 73 68 3F 00 00 02 A3 20
53 6D 61 73 68 3F 00 00 02 A3 20

53 6D 61 73 68 3F 00 00 02 A3 20
--- end