53 6D 61 73 68 3F 00 01 02 FF C3 
53 6D 61 73 68 3F 01 02 02 0D 07 
00 4B 01 3B 02 FF 00 01 4E 00 09 9B 00 14 B1 00 24 D2 00 09 66 00 02 00 23 00 06 00 05 00 00 00 04 C0 D2 00 00 02 00 00 02 20 02 00 00 42 22 00 00 00 
01 08 01 04 00 00 0C 81 08 02 01 03 00 81 02 42 16 03 2E 44 00 00 01 C0 
1A 00 04 00 00 00 00 00 00 01 20 00 08 3A 00 00 00 04 B5 08 00 00 00 00 
08 01 2B 00 00 1A 00 00 00 02 00 00 00 00 00 00 C0 D0*0F*01 09*51 21 C3 


15 poo **
208 food **
9 credits **

egg
asleep
alive

--------------------------------
53 6D 61 73 68 3F 00 01 02 FF C3 
53 6D 61 73 68 3F 01 02 02 0D 0F 
00 4B 01 3B 02 1B 00 01 51 00 09 EC 00 14 B1 00 25 1C 00 09 B0 00 02 00 23 00 0A 00 06 00 00 00 04 C0 D2 04 40 30 01 18 00 00 00 00 00 00 00 00 00 02 
00 00 02 20 02 00 00 42 22 00 00 00 01 08 01 04 00 00 0C 
81 08 02 01 03 00 
81 02 42 16 03 2E 44 00 00 01 C0 1A 00 04 00 00 00 00 00 00 01 20 00 
08 BA 00 00 80 04 00 00 00 00 08 01 2B 00 00 1A 00 00 00 02 00 00 00 00 
00 00 C0 C8 00 07 09 2C F8 10 

cleared poop
2
192
9
---------------

53 6D 61 73 68 3F 00 01 02 FF C3 53 6D 61 73 68 3F 01 02 02 0D 0F 00 4B 
01 3B 02 1B 00 01 51 00 09 EC 00 14 B1 00 25 9F 00 0A 1B 00 02 00 26 00 
0A 00 07 00 00 00 04 C0 D2 04 40 30 01 18 00 00 00 00 00 00 00 00 00 02 
00 00 02 20 02 00 00 42 22 00 00 00 01 08 01 04 00 00 0C 81 08 02 01 03 
00 81 02 42 16 03 2E 44 00 00 01 C0 1A 00 04 00 00 00 00 00 00 01 20 00 
08 3A 00 00 00 04 B5 08 00 00 00 00 08 01 2B 00 80 1A 00 80 80 00 00 00 
00 00 00 C0 FB 04 07 01 0E 56 AE         

not showing on big screen

10 credits

---
53 6D 61 73 68 3F 00 01 02 FF C3 53 6D 61 73 68 3F 01 02 02 0D 07 00 4B 
01 3B 02 FF 00 01 60 00 09 EC 00 15 28 00 27 37 00 0B 26 00 02 00 26 00 
0A 00 07 00 00 00 04 C0 D2 04 40 30 01 18 00 00 00 00 00 00 00 00 00 02 
00 00 02 20 02 00 00 42 22 00 00 00 01 09 01 04 00 00 0C 81 08 02 01 03 
00 81 02 42 16 03 2E 44 00 00 01 C0 1A 00 04 00 00 00 00 00 00 01 20 00 
08 3A 00 00 00 04 B5 08 00 00 00 00 8C 20 00 1A 00 00 00 02 00 00 00 00 
00 00 C0 D4 11 03 09 7B 1A 89 

53 6D 61 73 68 3F 00 01 02 FF C3 53 6D 61 73 68 3F 01 02 02 0D 07 00 4B 
01 3B 02 FF 00 01 60 00 09 EC 00 15 28 00 27 9F 00 0B 26 00 02 00 26 00 
0A 00 07 00 00 00 04 C0 D2 04 40 30 01 18 00 00 00 00 00 00 00 00 00 02 
00 00 02 20 02 00 00 42 22 00 00 00 01 09 01 04 00 00 0C 81 08 02 01 03 
00 81 02 42 16 03 2E 44 00 00 01 C0 1A 00 04 00 00 00 00 00 00 01 20 00 
08 3A 00 00 00 04 B5 08 00 00 00 00 08 01 2B 00 00 1A 00 00 00 02 00 00 
00 00 00 00 C0 CC 13 02 09 7B 9D A5 

VENDING MACHINE

1
251
26


53 6D 61 73 68 3F 01 02 02 0D 07 00 4B 01 3B 02 FF 00 01 F3 00 0A 04 00 
18 44 00 33 C8 00 17 6F 00 02 00 6A 00 37 00 08 00 00 00 04 C0 D2 04 40 
30 01 18 00 00 00 00 00 00 00 00 00 02 00 00 02 20 02 00 10 42 
23 00 00 08 01 09 01 84 00 60 8C 89 08 02 21 03 00 81 02 42 16 03 2E 44 
00 08 01 C0 1B 00 14 00 00 00 00 00 00 81 20 00 18 3A 00 00 00 44 B5 08 
00 00 00 80 08 05 2B 00 00 1A 00 00 00 02 00 00 00 00 00 00 
C0 DF 0A 03 01 DC 4D 3C


53 6D 61 73 68 3F 00 01 02 FF C3 53 6D 61 73 68 3F 01 02 02 0D 07 00 4B 
01 3B 02 FF 00 01 F8 00 0A 04 00 18 44 00 35 38 00 17 6F 00 02 00 85 00 
3E 00 08 00 00 00 04 C0 D2 04 40 30 01 18 00 00 00 00 00 00 00 00 00 02 
00 00 02 20 02 00 10 42 23 00 00 08 01 09 01 84 00 60 8C 89 08 02 21 03 
00 81 02 42 16 03 2E 44 00 08 01 C0 1B 00 14 00 00 00 00 00 00 81 20 00 
18 3A 00 00 00 46 B5 08 00 00 00 80 05 2B 00 00 1A 00 00 00 02 00 00 00 
00 00 00 
C0 EF 08 03 01 24 3F 5B   
              
53 6D 61 73 68 3F 00 01 02 FF C3 53 6D 61 73 68 3F 01 02 02 0D 0F 00 4B 
01 3B 02 21 00 01 FE 00 0A 04 00 18 44 00 35 98 00 17 B6 00 02 00 85 00 
3E 00 09 00 00 00 04 C0 D2 04 40 30 01 18 00 00 00 00 00 00 00 00 00 02 
00 00 02 20 02 00 10 42 23 00 00 08 01 09 01 84 00 60 8C 89 08 02 21 03 
00 81 02 42 16 03 2E 44 00 08 01 C0 1B 00 14 00 00 00 00 00 00 81 20 00 
18 3A 00 00 00 44 B5 08 80 00 80 80 8C 00 1A 00 00 00 02 00 00 00 00 00 
00 
C0 E7 0A 07 09 D1 77 98    

53 6D 61 73 68 3F 00 01 02 FF C3 53 6D 61 73 68 3F 01 02 02 0D 0F 00 4B 
01 3B 02 21 00 01 FE 00 0A 04 00 18 44 00 35 C6 00 17 E4 00 02 00 85 00 
3E 00 09 00 00 00 04 C0 D2 04 40 30 01 18 00 00 00 00 00 00 00 00 00 02 
00 00 02 20 02 00 10 42 23 00 00 08 01 09 01 84 00 60 8C 89 08 02 21 03 
00 81 02 42 16 03 2E 44 00 08 01 C0 1B 00 14 00 00 00 00 00 00 81 20 00 
18 3A 00 00 00 44 B5 08 00 00 00 00 08 05 2B 00 00 1A 00 00 00 02 00 00 
00 00 00 
C0 E3 0C 07 09 B9 47 86 

53 6D 61 73 68 3F 01 02 02 0D 0F 00 4B 01 3B 02 21 00 01 FE 00 0A 04 00 
18 44 00 35 D7 00 17 F5 00 02 00 85 00 3E 00 09 00 00 00 04 C0 D2 04 40 
30 01 18 00 00 00 00 00 00 00 00 00 02 00 00 02 20 02 00 10 42 23 00 00 
08 01 09 01 84 00 60 8C 89 08 02 21 03 00 81 02 42 16 03 2E 44 00 08 01 
C0 1B 00 14 00 00 00 00 00 00 81 20 00 18 3A 00 00 00 44 B5 08 00 00 00 
00 08 05 2B 00 00 1A 00 00 00 02 00 00 00 00 00 00 
C0 DF 0D 07 09 53 47 CD  

        
                                                                   

17
211
27