53 6D 61 73 68 3F 00 01 02 FF C3 
53 6D 61 73 68 3F 01 02 02 0D 07 
00 4B 01 3B 02 FF 00 01 4E 00 09 9B 00 14 B1 00 24 D2 00 09 66 00 02 00 23 00 06 00 05 00 00 00 04 C0 D2 00 00 02 00 00 02 20 02 00 00 42 22 00 00 00 
01 08 01 04 00 00 0C 81 08 02 01 03 00 81 02 42 16 03 2E 44 00 00 01 C0 
1A 00 04 00 00 00 00 00 00 01 20 00 08 3A 00 00 00 04 B5 08 00 00 00 00 
08 01 2B 00 00 1A 00 00 00 02 00 00 00 00 00 00 C0 D0*0F*01 09*51 21 C3 


15 poo **
208 food **
9 credits **

egg
asleep
alive

--------------------------------
53 6D 61 73 68 3F 00 01 02 FF C3 
53 6D 61 73 68 3F 01 02 02 0D 0F 
00 4B 01 3B 02 1B 00 01 51 00 09 EC 00 14 B1 00 25 1C 00 09 B0 00 02 00 23 00 0A 00 06 00 00 00 04 C0 D2 04 40 30 01 18 00 00 00 00 00 00 00 00 00 02 
00 00 02 20 02 00 00 42 22 00 00 00 01 08 01 04 00 00 0C 
81 08 02 01 03 00 
81 02 42 16 03 2E 44 00 00 01 C0 1A 00 04 00 00 00 00 00 00 01 20 00 
08 BA 00 00 80 04 00 00 00 00 08 01 2B 00 00 1A 00 00 00 02 00 00 00 00 
00 00 C0 C8 00 07 09 2C F8 10 

cleared poop
2
192
9
---------------

53 6D 61 73 68 3F 00 01 02 FF C3 53 6D 61 73 68 3F 01 02 02 0D 0F 00 4B 
01 3B 02 1B 00 01 51 00 09 EC 00 14 B1 00 25 9F 00 0A 1B 00 02 00 26 00 
0A 00 07 00 00 00 04 C0 D2 04 40 30 01 18 00 00 00 00 00 00 00 00 00 02 
00 00 02 20 02 00 00 42 22 00 00 00 01 08 01 04 00 00 0C 81 08 02 01 03 
00 81 02 42 16 03 2E 44 00 00 01 C0 1A 00 04 00 00 00 00 00 00 01 20 00 
08 3A 00 00 00 04 B5 08 00 00 00 00 08 01 2B 00 80 1A 00 80 80 00 00 00 
00 00 00 C0 FB 04 07 01 0E 56 AE         

not showing on big screen

10 credits

---
53 6D 61 73 68 3F 00 01 02 FF C3 53 6D 61 73 68 3F 01 02 02 0D 07 00 4B 
01 3B 02 FF 00 01 60 00 09 EC 00 15 28 00 27 37 00 0B 26 00 02 00 26 00 
0A 00 07 00 00 00 04 C0 D2 04 40 30 01 18 00 00 00 00 00 00 00 00 00 02 
00 00 02 20 02 00 00 42 22 00 00 00 01 09 01 04 00 00 0C 81 08 02 01 03 
00 81 02 42 16 03 2E 44 00 00 01 C0 1A 00 04 00 00 00 00 00 00 01 20 00 
08 3A 00 00 00 04 B5 08 00 00 00 00 8C 20 00 1A 00 00 00 02 00 00 00 00 
00 00 C0 D4 11 03 09 7B 1A 89 

53 6D 61 73 68 3F 00 01 02 FF C3 53 6D 61 73 68 3F 01 02 02 0D 07 00 4B 
01 3B 02 FF 00 01 60 00 09 EC 00 15 28 00 27 9F 00 0B 26 00 02 00 26 00 
0A 00 07 00 00 00 04 C0 D2 04 40 30 01 18 00 00 00 00 00 00 00 00 00 02 
00 00 02 20 02 00 00 42 22 00 00 00 01 09 01 04 00 00 0C 81 08 02 01 03 
00 81 02 42 16 03 2E 44 00 00 01 C0 1A 00 04 00 00 00 00 00 00 01 20 00 
08 3A 00 00 00 04 B5 08 00 00 00 00 08 01 2B 00 00 1A 00 00 00 02 00 00 
00 00 00 00 C0 CC 13 02 09 7B 9D A5 
