Filetype: IR signals file
Version: 1
#
name: RAW_5
type: raw
frequency: 38000
duty_cycle: 0.330000
data: 170 33555 173 66470 177
#
name: RAW_3
type: raw
frequency: 38000
duty_cycle: 0.330000
data: 176 33711 178
#
name: RAW_5
type: raw
frequency: 38000
duty_cycle: 0.330000
data: 512 113613 302 113973 271
#
name: RAW_5
type: raw
frequency: 38000
duty_cycle: 0.330000
data: 170 31796 174 1195 173
#
name: RAW_31
type: raw
frequency: 38000
duty_cycle: 0.330000
data: 170 100738 179 67097 178 31490 170 67106 178 35430 199 65101 176 1793 178 67098 177 134374 176 67098 178 67122 174 67077 178 67119 176 100711 176 67097 177
#
name: Activate
type: raw
frequency: 38000
duty_cycle: 0.330000
data: 376 624 693 307 356 302 351 306 357 328 325 648 353 649 382 275 358 326 1328 648 353 331 332 642 696 963 354 330 1355 304 329 645 386 299 323 1994 671 329 355 303 2332 329 3010 307 673 328 1990 328 672 2646 1010 306 1042
#
name: RAW_53
type: raw
frequency: 38000
duty_cycle: 0.330000
data: 354 645 672 329 324 334 381 278 385 273 350 652 359 641 380 279 384 301 1353 622 358 300 353 648 669 990 378 281 1353 306 357 644 356 302 382 1963 702 272 351 334 2331 303 3016 330 670 304 2045 300 701 2619 986 331 1037
#
name: Zapp
type: raw
frequency: 38000
duty_cycle: 0.330000
data: 171 876 175 4250 187 1588 173 1132 175 695 188 392 557 1295 170 4637 23456 1570 28398 6107 623 91 215 88 453 150 171 10598 178 10472 410 1405 173 14225 177 9322 176 10595 870 88 575 88 208 153 178 184 173 11577 179 146 170 4138 228 5896 28492 6178 205 4538 175 4515 172 4519 4565 130 4568 1600 4716 200 23523 6099 23450 1544 28455 1302 173 4602 23481 1543 28394 1307 179 4654 4584 130 18694 1583 28395 1308 178 4623 325 209 174 189 22541 1423 28554 1306 169 4633 203 10440 3348 138 4560 130 3955 208 175 1721 28462 6236 172 249 169 254 174 248 170 252 176
#
name: K
type: raw
frequency: 38000
duty_cycle: 0.330000
data: 328 672 676 296 357 328 325 333 330 327 357 643 327 674 326 331 353 305 1349 652 328 330 354 646 671 988 329 328 1326 332 352 648 332 326 358 1959 675 325 359 299 2326 333 3017 301 352 305 2350 309 354 303 697 961 356 644 673 327 357 301 1353
#
name: Ad
type: raw
frequency: 38000
duty_cycle: 0.330000
data: 252 722 646 538 171 328 249 383 301 357 245 806 245 727 253 382 322 413 1200 772 249 409 224 750 618 1040 246 385 1300 358 275 779 221 409 275 2095 570 377 276 382 1691 203 379 409 489 223 2197 327 326 384 2281 377 225 407 645 1041 276 697 640 570 170 277 1300
#
name: C
type: raw
frequency: 38000
duty_cycle: 0.330000
data: 330 668 669 304 359 324 329 329 324 334 350 650 330 670 330 327 326 331 1333 667 333 324 329 671 666 992 325 333 1352 306 357 643 357 300 353 1963 702 298 355 303 2332 326 2983 334 666 333 1985 331 353 1306 675 325 359 300 353 646 671 987 351
#
name: F
type: raw
frequency: 38000
duty_cycle: 0.330000
data: 329 669 668 304 349 334 329 328 376 281 352 646 385 614 325 332 382 274 1380 618 331 325 359 640 698 958 328 328 1326 330 354 644 326 331 353 1960 675 324 350 307 2379 275 3034 278 3041 270 700 641 360 612 725 273 697 959 1042 56961 376 622 695 278 355 328 325 331 383 274 348 650 381 617 332 324 380 277 1377 620 329 327 387 611 696 960 326 330 1355 300 384 615 344 312 382 1931 724 274 379 278 2377 277 3032 279 3040 271 699 642 358 614 723 274 696 960 1041
#
name: Peacock
type: raw
frequency: 38000
duty_cycle: 0.330000
data: 350 648 700 300 353 304 380 277 356 301 352 649 352 646 355 303 381 303 1382 592 378 279 354 645 672 985 353 305 1349 307 377 623 357 300 384 1958 698 276 357 326 2330 303 3006 333 331 327 2329 329 355 302 699 959 328 672 666 308 356 328 1326
#
name: Llama
type: raw
frequency: 38000
duty_cycle: 0.330000
data: 353 647 670 329 324 333 382 276 357 300 353 646 355 645 356 302 351 306 1359 641 349 308 355 644 673 984 354 303 1351 306 357 642 359 299 354 1961 694 305 359 299 2357 301 3008 307 694 306 2012 303 350 333 331 643 695 305 358 299 354 330 323 334 381 935 352
#
name: L
type: raw
frequency: 38000
duty_cycle: 0.330000
data: 353 622 695 304 359 299 354 331 353 306 327 673 358 617 353 331 333 326 1328 649 352 332 332 670 698 962 355 303 1331 329 324 677 354 304 360 1960 675 326 327 332 2334 327 3013 307 704 299 2009 308 386 617 322 677 988 330 354 963 722 279 354
#
name: Outhouse
type: raw
frequency: 38000
duty_cycle: 0.330000
data: 324 653 695 308 356 305 379 308 355 305 328 675 326 652 359 328 356 305 1329 653 358 329 324 653 726 939 358 329 1356 309 355 650 330 330 333 1991 705 300 2999 330 3000 331 670 334 1995 330 354 650 1015 306 357 647 2019 306 674 329 386 618 669 335 359 301 332 327 357 304 380 623 357 646 334 327 357 303 1362 646 334 326 358 646 702 962 355 305 1390 274 359 645 386 274 359 1967 729 274 3025 305 3025 306 695 309 2020 306 357 647 1018 330 334 643 2023 330 701
#
name: Outhouse
type: raw
frequency: 38000
duty_cycle: 0.330000
data: 349 654 694 308 355 331 333 330 323 337 357 620 350 655 356 330 323 337 1328 681 330 330 323 683 665 1000 328 305 1360 355 329 625 355 331 353 1974 671 354 2976 355 2975 355 646 385 1944 355 329 653 1022 322 331 622 2044 332 669 335 329 653 664 362 302 359 325 335 329 332 332 650 351 653 348 335 328 332 1333 651 350 336 328 626 691 1000 348 334 1331 334 330 625 376 311 353 1974 692 335 3005 326 3004 327 674 330 1999 327 326 652 1013 361 303 649 2027 351 650
#
name: Venn
type: raw
frequency: 38000
duty_cycle: 0.330000
data: 217 2151 464 852 174 10431 463 827 1481 491 178 427 568 537 1117 435 566 460 541 775 226 721 280 379 591 435 566 434 219 412 936 748 253
#
name: V
type: raw
frequency: 38000
duty_cycle: 0.330000
data: 178 15361 176
#
name: K2
type: raw
frequency: 38000
duty_cycle: 0.330000
data: 354 644 673 325 328 330 323 334 350 307 357 643 358 642 328 329 355 302 1353 647 323 334 350 649 668 988 330 328 1327 329 355 645 325 333 351 1964 692 308 356 302 2354 328 2992 323 330 302 2354 328 325 307 694 963 354 646 671 328 356 301 1354
#
name: K3
type: raw
frequency: 38000
duty_cycle: 0.330000
data: 354 645 693 305 359 301 352 331 322 336 328 672 329 646 355 329 324 333 1332 642 348 335 329 645 693 966 351 332 1333 350 303 645 407 277 325 1965 691 335 329 329 2327 356 2964 351 333 324 2301 357 327 331 649 957 381 618 699 328 325 332 1323
#
name: K4
type: raw
frequency: 38000
duty_cycle: 0.330000
data: 351 648 669 331 333 324 350 308 355 302 351 648 353 647 354 304 360 298 1357 642 359 299 405 595 671 985 353 305 1360 297 356 644 357 301 352 1964 702 298 355 302 2354 305 3015 302 351 332 2324 308 356 328 673 985 333 640 698 328 325 307 1358


data: 328 672 676 296 357 328 325 333 330 327 357 643 327 674 326 331 353 305 1349 652 328 330 354 646 671 988 329 328 1326 332 352 648 332 326 358 1959 675 325 359 299 2326 333 3017 301 352 305 2350 309 354 303 697 961 356 644 673 327 357 301 1353
data: 354 644 673 325 328 330 323 334 350 307 357 643 358 642 328 329 355 302 1353 647 323 334 350 649 668 988 330 328 1327 329 355 645 325 333 351 1964 692 308 356 302 2354 328 2992 323 330 302 2354 328 325 307 694 963 354 646 671 328 356 301 1354
data: 354 645 693 305 359 301 352 331 322 336 328 672 329 646 355 329 324 333 1332 642 348 335 329 645 693 966 351 332 1333 350 303 645 407 277 325 1965 691 335 329 329 2327 356 2964 351 333 324 2301 357 327 331 649 957 381 618 699 328 325 332 1323
